1,18164,5.0


2,18164,2.0
2,24493,2.5
1,27811,2.5

2,27811,5.0
2,18174,2.0

3,18164,2.5
3,18174,4.0
3,30715,4.5
3,15614,5.0

4,18164,5.0
4,27811,3.0
4,18174,4.5
4,4284,4.0

5,18164,4.0
5,24493,3.0
5,27811,2.0
1,24493,3.0
5,18174,4.0
5,30715,3.5
5,4284,4.0

6,27811,1.0
6,18174,3.0
6,30715,2.5
6,4284,3.5

7,3616,5.0
7,4284,3.0
7,27811,4.0
7,7926,4.0

7,15614,4.0
1,22589,2.0
1,3616,4.0
1,3548,3.0
1,16356,4.0




//Series - ID

3616  - Friends
4284  - Lost
6206  - The Sopranos
7926  - Dexter
16356 - Mad Men
18164 - Breaking bad
18174 - Sons of Anarchy
23561 - Boardwalk Empire
24493 - Game of Thrones
25056 - The Walking Dead
27811 - Homeland
30715 - Arrow

